00, ,<,01
01,0,<,01
01,1,<,01
01, ,<,02
02,1,<,02
02,0,<,02
02, ,>,03
03,0, ,04
04, ,>,05
05,1,>,05
05,0,>,05
05, ,>,06
06,1,>,06
06,0,>,06
06, ,>,07
07,0,>,07
07,1,>,07
07, ,0,08
08,1,<,08
08,0,<,08
08, ,<,09
09,1,<,09
09,0,<,09
09, ,<,10
10,1,<,10
10,0,<,10
10, ,0,11
11,0,>,03
11,1,>,03
03,1, ,12
12, ,>,13
13,1,>,13
13,0,>,13
13, ,>,14
14,1,>,14
14,0,>,14
14, ,>,15
15,1,>,15
15,0,>,15
15, ,1,16
16,1,<,16
16,0,<,16
16, ,<,17
17,1,<,17
17,0,<,17
17, ,<,18
18,1,<,18
18,0,<,18
18, ,1,11
03, ,>,19
19,0, ,20
20, ,>,21
21,1,>,21
21,0,>,21
21, ,>,22
22,1,>,22
22,0,>,22
22, ,>,23
23,1,>,23
23,0,>,23
23, ,0,24
24,1,<,24
24,0,<,24
24, ,<,25
25,1,<,25
25,0,<,25
25, ,<,26
26,1,<,26
26,0,<,26
26, ,0,27
27,0,>,19
27,1,>,19
19,1, ,28
28, ,>,29
29,1,>,29
29,0,>,29
29, ,>,30
30,1,>,30
30,0,>,30
30, ,>,31
31,1,>,31
31,0,>,31
31, ,1,32
32,1,<,32
32,0,<,32
32, ,<,33
33,1,<,33
33,0,<,33
33, ,<,34
34,1,<,34
34,0,<,34
34, ,1,27
19, ,>,35
35,1,>,35
35,0,>,35
35, ,>,36
36,1,>,36
36,0,>,36
36, ,<,37
37,1,0,43
37, ,<,37
37,0,<,39
39,0,<,39
39,1,0,40
40,0,>,41
41,0,1,41
41,1,>,41
41, , ,42
39, , ,65
42, ,<,43
43,1,<,43
43,0,<,43
43, , ,44
44, ,<,44
44,0,0,46
44,1,1,46
46,1,<,47
46,0,<,47
47,1,>,51
51,0,1,53
51,1,1,53
47,0,>,52
52,1,0,54
52,0,0,54
53,0,<,46
53,1,<,46
54,0,<,46
54,1,<,46
47, ,>,59
59,0,>,59
59,1,>,59
59, ,>,60
60, ,>,60
60,0,>,61
60,1,>,61
61,0,>,61
61,1,>,61
61, , ,36
65, ,>,66
66,0, ,67
67, ,>,66
66, ,<,68
68, ,<,68
68,0,>,69
68,1,>,69
69, , ,69